#$# git-fat 71ec3f09aa26c788c4717375fdfa5a0aeda408e4              1747522
